87.05882352941177 -2.0 2.0
81.17647058823529 -35.0 42.0
81.56862745098039 -33.0 42.0
95.29411764705881 -22.0 42.0
92.94117647058823 -25.0 25.0
84.31372549019608 -29.0 34.0
81.96078431372548 -28.0 33.0
80.0 -27.0 32.0
79.2156862745098 -12.0 36.0
94.11764705882352 -23.0 24.0
84.31372549019608 -30.0 35.0
94.11764705882352 -23.0 24.0
94.11764705882352 -23.0 24.0
94.11764705882352 -23.0 24.0
94.11764705882352 -24.0 24.0
94.11764705882352 -23.0 24.0
95.29411764705881 -21.0 24.0
94.90196078431372 -21.0 22.0
93.33333333333333 -23.0 23.0
93.33333333333333 -23.0 21.0
86.66666666666667 -29.0 65.0
80.0 -31.0 65.0
86.66666666666667 -31.0 65.0
79.6078431372549 -32.0 65.0
