88.23529411764706 -35.0 42.0
96.07843137254902 -20.0 38.0
85.88235294117646 -23.0 49.0
87.05882352941177 -25.0 51.0
81.96078431372548 -28.0 32.0
81.96078431372548 -28.0 32.0
97.6470588235294 -14.0 33.0
96.07843137254902 -20.0 40.0
98.0392156862745 -12.0 29.0
97.25490196078431 -16.0 35.0
86.66666666666667 -25.0 30.0
88.23529411764706 -10.0 33.0
86.27450980392157 -28.0 31.0
86.27450980392157 -28.0 31.0
83.92156862745098 -27.0 31.0
96.47058823529412 -20.0 41.0
97.25490196078431 -16.0 33.0
96.86274509803921 -19.0 42.0
96.07843137254902 -24.0 51.0
93.33333333333333 -22.0 27.0
85.88235294117646 -27.0 31.0
85.88235294117646 -27.0 31.0
84.70588235294117 -27.0 32.0
83.92156862745098 -27.0 30.0
84.31372549019608 -29.0 64.0
84.31372549019608 -29.0 64.0
