89.41176470588236 -24.0 51.0
92.54901960784314 -23.0 46.0
90.58823529411765 -24.0 28.0
87.45098039215686 -26.0 53.0
90.58823529411765 -24.0 28.0
91.76470588235294 -24.0 30.0
90.58823529411765 -23.0 28.0
88.23529411764706 -26.0 29.0
88.23529411764706 -26.0 30.0
88.23529411764706 -28.0 30.0
89.41176470588236 -25.0 54.0
90.58823529411765 -26.0 59.0
90.19607843137256 -29.0 63.0
93.33333333333333 -2.0 2.0
92.94117647058823 -2.0 2.0
92.54901960784314 -23.0 27.0
94.11764705882352 -19.0 22.0
91.37254901960785 -9.0 32.0
91.76470588235294 -9.0 34.0
82.35294117647058 -9.0 37.0
83.52941176470588 -28.0 64.0
91.76470588235294 -9.0 34.0
