94.50980392156862 -21.0 45.0
94.50980392156862 -21.0 46.0
90.98039215686275 -24.0 51.0
94.90196078431372 -21.0 45.0
89.80392156862746 -23.0 51.0
90.19607843137256 -25.0 53.0
96.47058823529412 -2.0 2.0
94.11764705882352 -23.0 25.0
94.11764705882352 -21.0 23.0
95.29411764705881 -2.0 2.0
94.90196078431372 -21.0 25.0
94.90196078431372 -21.0 26.0
96.07843137254902 -4.0 15.0
95.68627450980392 -21.0 46.0
94.50980392156862 -22.0 48.0
92.15686274509804 -23.0 46.0
96.86274509803921 -6.0 19.0
95.29411764705881 -22.0 53.0
92.54901960784314 -23.0 27.0
95.68627450980392 -19.0 21.0
80.3921568627451 -29.0 65.0
81.17647058823529 -29.0 66.0
