86.66666666666667 -34.0 43.0
96.47058823529412 -2.0 2.0
99.2156862745098 -3.0 9.0
98.0392156862745 -1.0 2.0
92.94117647058823 -24.0 51.0
93.33333333333333 -22.0 49.0
96.07843137254902 -19.0 44.0
97.25490196078431 -15.0 37.0
88.23529411764706 -26.0 30.0
98.4313725490196 -2.0 2.0
98.0392156862745 -2.0 2.0
94.90196078431372 -21.0 25.0
97.25490196078431 -16.0 33.0
96.47058823529412 -21.0 51.0
89.01960784313725 -26.0 30.0
89.41176470588236 -26.0 28.0
98.0392156862745 0.0 0.0
85.09803921568627 -29.0 63.0
85.09803921568627 -31.0 65.0
85.09803921568627 -29.0 63.0
85.09803921568627 -31.0 65.0
