87.05882352941177 -36.0 44.0
87.84313725490196 -34.0 44.0
90.98039215686275 -24.0 48.0
99.6078431372549 0.0 0.0
91.76470588235294 -25.0 29.0
99.6078431372549 0.0 0.0
99.6078431372549 -2.0 6.0
93.72549019607843 -22.0 48.0
99.6078431372549 0.0 0.0
99.6078431372549 -2.0 6.0
99.6078431372549 0.0 0.0
86.27450980392157 -27.0 33.0
99.6078431372549 0.0 0.0
99.6078431372549 0.0 0.0
92.54901960784314 -23.0 27.0
99.6078431372549 0.0 0.0
90.19607843137256 -26.0 28.0
99.6078431372549 -1.0 2.0
93.72549019607843 -23.0 46.0
99.6078431372549 -2.0 6.0
90.58823529411765 -29.0 63.0
98.82352941176471 -6.0 15.0
99.2156862745098 0.0 2.0
93.33333333333333 -10.0 29.0
85.09803921568627 -29.0 63.0
93.33333333333333 -10.0 29.0
84.31372549019608 -31.0 64.0
