94.90196078431372 -19.0 23.0
94.90196078431372 -19.0 23.0
99.2156862745098 -3.0 8.0
99.6078431372549 -2.0 6.0
94.50980392156862 -23.0 48.0
94.90196078431372 -21.0 25.0
94.90196078431372 -21.0 25.0
94.90196078431372 -19.0 23.0
99.6078431372549 0.0 0.0
94.90196078431372 -21.0 25.0
99.6078431372549 -2.0 6.0
99.2156862745098 -3.0 8.0
94.11764705882352 -21.0 25.0
99.6078431372549 0.0 0.0
94.11764705882352 -21.0 25.0
94.11764705882352 -21.0 25.0
93.33333333333333 -23.0 27.0
92.15686274509804 -23.0 25.0
