98.0392156862745 -4.0 13.0
98.0392156862745 -4.0 11.0
97.25490196078431 -7.0 11.0
98.0392156862745 -4.0 13.0
96.07843137254902 -6.0 13.0
98.0392156862745 -4.0 13.0
97.25490196078431 -9.0 20.0
96.47058823529412 -8.0 21.0
70.98039215686275 -11.0 34.0
98.0392156862745 -4.0 11.0
95.68627450980392 -6.0 15.0
97.25490196078431 -7.0 11.0
96.47058823529412 -6.0 15.0
95.68627450980392 -6.0 15.0
96.07843137254902 -6.0 13.0
96.47058823529412 -6.0 15.0
95.68627450980392 -9.0 17.0
95.68627450980392 -6.0 17.0
95.68627450980392 -6.0 15.0
96.47058823529412 -6.0 15.0
97.25490196078431 -9.0 20.0
98.0392156862745 -6.0 19.0
88.23529411764706 -12.0 28.0
89.01960784313725 -12.0 28.0
88.23529411764706 -12.0 28.0
87.84313725490196 -11.0 30.0
79.6078431372549 -11.0 34.0
80.3921568627451 -7.0 36.0
