99.2156862745098 -4.0 11.0
92.94117647058823 -5.0 21.0
99.2156862745098 -4.0 9.0
99.6078431372549 -2.0 6.0
99.2156862745098 -4.0 9.0
99.2156862745098 -4.0 9.0
99.6078431372549 0.0 0.0
99.2156862745098 -3.0 8.0
89.41176470588236 -6.0 21.0
90.19607843137256 -8.0 18.0
99.6078431372549 -2.0 6.0
99.2156862745098 -4.0 9.0
99.6078431372549 -2.0 6.0
99.2156862745098 -3.0 8.0
99.2156862745098 -4.0 11.0
99.2156862745098 -4.0 9.0
99.2156862745098 -4.0 9.0
99.2156862745098 -4.0 9.0
99.2156862745098 -3.0 8.0
99.2156862745098 -3.0 8.0
89.80392156862746 -11.0 31.0
83.13725490196079 -10.0 34.0
90.58823529411765 -9.0 32.0
90.58823529411765 -9.0 34.0
87.45098039215686 -9.0 33.0
