93.33333333333333 -6.0 20.0
92.94117647058823 -6.0 17.0
94.90196078431372 -4.0 19.0
91.37254901960785 -6.0 21.0
92.15686274509804 -6.0 19.0
95.68627450980392 -8.0 27.0
90.19607843137256 -9.0 30.0
90.58823529411765 -9.0 30.0
94.90196078431372 -8.0 27.0
90.98039215686275 -6.0 22.0
94.90196078431372 -4.0 19.0
91.37254901960785 -6.0 19.0
95.68627450980392 -6.0 17.0
89.01960784313725 -10.0 23.0
92.94117647058823 -6.0 19.0
92.94117647058823 -8.0 19.0
97.25490196078431 -4.0 15.0
96.47058823529412 -6.0 17.0
96.86274509803921 -4.0 15.0
86.66666666666667 -10.0 35.0
86.27450980392157 -10.0 35.0
