97.25490196078431 -4.0 15.0
99.2156862745098 -4.0 11.0
93.72549019607843 -4.0 17.0
98.0392156862745 -4.0 15.0
95.68627450980392 -6.0 18.0
98.0392156862745 -4.0 11.0
98.82352941176471 -4.0 11.0
92.54901960784314 -6.0 21.0
98.0392156862745 -4.0 13.0
91.76470588235294 -6.0 21.0
98.0392156862745 -6.0 19.0
97.25490196078431 -8.0 22.0
83.92156862745098 -13.0 32.0
98.0392156862745 -4.0 15.0
98.0392156862745 -4.0 13.0
95.68627450980392 -6.0 17.0
92.94117647058823 -6.0 19.0
97.25490196078431 -4.0 15.0
96.47058823529412 -6.0 15.0
94.90196078431372 -6.0 19.0
98.0392156862745 -6.0 15.0
94.11764705882352 -8.0 19.0
94.90196078431372 -6.0 19.0
98.0392156862745 -4.0 15.0
94.90196078431372 -6.0 19.0
94.90196078431372 -6.0 19.0
98.82352941176471 -6.0 17.0
81.96078431372548 -10.0 33.0
82.74509803921568 -11.0 33.0
