99.2156862745098 -3.0 8.0
99.6078431372549 0.0 0.0
99.2156862745098 -3.0 8.0
96.86274509803921 -6.0 18.0
99.6078431372549 0.0 0.0
99.6078431372549 0.0 0.0
99.6078431372549 0.0 0.0
99.6078431372549 -2.0 6.0
99.2156862745098 -4.0 11.0
99.2156862745098 -5.0 13.0
99.6078431372549 0.0 0.0
92.94117647058823 -9.0 29.0
99.6078431372549 -2.0 6.0
99.6078431372549 -1.0 2.0
92.15686274509804 -8.0 19.0
99.6078431372549 -1.0 4.0
99.2156862745098 -4.0 11.0
99.2156862745098 -3.0 8.0
99.2156862745098 -3.0 8.0
98.82352941176471 -4.0 11.0
99.2156862745098 -3.0 8.0
99.6078431372549 -2.0 6.0
99.2156862745098 -3.0 8.0
99.2156862745098 -3.0 8.0
99.2156862745098 -3.0 8.0
99.2156862745098 -3.0 8.0
98.82352941176471 -6.0 15.0
95.68627450980392 -8.0 23.0
99.2156862745098 -3.0 8.0
99.6078431372549 -2.0 6.0
95.68627450980392 -8.0 24.0
91.76470588235294 -9.0 28.0
87.45098039215686 -11.0 35.0
93.33333333333333 -8.0 27.0
87.45098039215686 -11.0 35.0
