99.2156862745098 -3.0 8.0
99.6078431372549 -2.0 6.0
99.6078431372549 -2.0 6.0
99.6078431372549 -2.0 6.0
99.2156862745098 -3.0 9.0
99.2156862745098 -3.0 8.0
99.6078431372549 0.0 0.0
99.6078431372549 -2.0 6.0
98.82352941176471 -6.0 15.0
98.82352941176471 -6.0 15.0
99.2156862745098 -3.0 9.0
98.0392156862745 -2.0 11.0
99.2156862745098 -4.0 9.0
99.6078431372549 -2.0 6.0
99.6078431372549 -2.0 6.0
99.2156862745098 -4.0 11.0
99.6078431372549 -2.0 6.0
99.2156862745098 -3.0 8.0
99.6078431372549 -2.0 6.0
98.82352941176471 -4.0 11.0
99.2156862745098 -3.0 8.0
98.0392156862745 -6.0 15.0
99.6078431372549 -2.0 6.0
99.2156862745098 -5.0 13.0
99.2156862745098 -3.0 8.0
99.6078431372549 -2.0 6.0
99.2156862745098 -4.0 10.0
99.6078431372549 -2.0 6.0
99.2156862745098 -5.0 13.0
99.6078431372549 -2.0 6.0
99.2156862745098 -5.0 13.0
