5.88235294117647 2.0 -1.0
5.88235294117647 2.0 -1.0
5.88235294117647 2.0 -1.0
6.2745098039215685 0.0 0.0
5.88235294117647 2.0 -1.0
5.88235294117647 2.0 -1.0
5.88235294117647 2.0 -1.0
8.235294117647058 5.0 5.0
5.88235294117647 2.0 1.0
5.88235294117647 2.0 1.0
5.88235294117647 2.0 1.0
5.88235294117647 2.0 1.0
5.88235294117647 2.0 -1.0
5.88235294117647 2.0 1.0
7.450980392156863 7.0 4.0
7.8431372549019605 5.0 7.0
7.0588235294117645 6.0 4.0
7.0588235294117645 6.0 4.0
7.0588235294117645 6.0 4.0
6.666666666666667 4.0 4.0
7.0588235294117645 9.0 4.0
7.0588235294117645 6.0 4.0
7.0588235294117645 4.0 4.0
9.019607843137255 8.0 9.0
