81.56862745098039 17.0 36.0
99.6078431372549 0.0 0.0
74.11764705882354 34.0 25.0
74.11764705882354 34.0 25.0
74.50980392156863 29.0 42.0
99.6078431372549 0.0 0.0
61.96078431372549 56.0 61.0
67.05882352941175 44.0 56.0
99.6078431372549 0.0 0.0
61.96078431372549 58.0 41.0
99.6078431372549 0.0 0.0
80.7843137254902 24.0 15.0
99.6078431372549 0.0 0.0
76.86274509803923 29.0 22.0
66.27450980392156 46.0 59.0
67.05882352941175 43.0 59.0
66.66666666666666 44.0 59.0
66.27450980392156 50.0 34.0
62.35294117647059 57.0 42.0
67.84313725490196 46.0 34.0
61.96078431372549 58.0 43.0
