64.70588235294117 49.0 56.0
67.84313725490196 43.0 52.0
66.66666666666666 45.0 54.0
61.96078431372549 56.0 64.0
67.84313725490196 43.0 51.0
63.921568627450974 54.0 41.0
58.82352941176471 59.0 46.0
74.50980392156863 33.0 26.0
99.6078431372549 0.0 0.0
65.09803921568627 52.0 39.0
74.90196078431373 29.0 41.0
66.27450980392156 46.0 56.0
74.50980392156863 30.0 41.0
99.6078431372549 0.0 0.0
99.6078431372549 0.0 0.0
99.6078431372549 0.0 0.0
68.23529411764706 46.0 31.0
61.1764705882353 58.0 42.0
66.27450980392156 49.0 36.0
99.6078431372549 0.0 0.0
68.23529411764706 45.0 33.0
