69.80392156862744 39.0 49.0
76.86274509803923 29.0 23.0
68.23529411764706 46.0 31.0
77.25490196078432 29.0 21.0
67.84313725490196 45.0 33.0
76.07843137254902 26.0 40.0
70.98039215686275 -8.0 35.0
76.86274509803923 30.0 21.0
76.07843137254902 32.0 21.0
75.29411764705883 32.0 26.0
68.23529411764706 45.0 34.0
76.86274509803923 29.0 23.0
74.90196078431373 33.0 25.0
66.66666666666666 49.0 35.0
70.98039215686275 36.0 48.0
67.45098039215686 44.0 53.0
69.01960784313725 39.0 59.0
63.13725490196078 53.0 65.0
