73.72549019607844 31.0 42.0
69.01960784313725 39.0 51.0
66.66666666666666 45.0 55.0
69.01960784313725 44.0 30.0
74.90196078431373 33.0 25.0
76.07843137254902 31.0 23.0
69.41176470588235 39.0 50.0
65.49019607843137 48.0 56.0
64.70588235294117 50.0 55.0
65.09803921568627 52.0 38.0
75.68627450980392 32.0 22.0
76.07843137254902 31.0 21.0
76.07843137254902 31.0 24.0
76.07843137254902 31.0 24.0
68.23529411764706 44.0 33.0
74.90196078431373 29.0 42.0
65.09803921568627 48.0 60.0
66.27450980392156 45.0 60.0
65.49019607843137 47.0 59.0
64.70588235294117 49.0 62.0
65.88235294117646 50.0 34.0
66.27450980392156 49.0 35.0
63.921568627450974 54.0 41.0
80.0 -8.0 35.0
79.6078431372549 -7.0 36.0
