78.03921568627452 24.0 34.0
98.4313725490196 0.0 0.0
76.86274509803923 27.0 34.0
99.6078431372549 -2.0 6.0
99.6078431372549 0.0 0.0
83.52941176470588 12.0 39.0
89.01960784313725 10.0 15.0
60.78431372549019 58.0 68.0
61.1764705882353 58.0 67.0
99.6078431372549 -1.0 3.0
88.23529411764706 5.0 32.0
87.05882352941177 5.0 43.0
88.62745098039215 3.0 40.0
89.41176470588236 2.0 39.0
79.2156862745098 24.0 26.0
78.03921568627452 26.0 28.0
71.76470588235294 33.0 60.0
71.76470588235294 33.0 60.0
61.568627450980394 56.0 68.0
