78.82352941176471 24.0 30.0
93.72549019607843 -1.0 25.0
95.68627450980392 2.0 9.0
95.68627450980392 -3.0 24.0
87.45098039215686 7.0 34.0
86.66666666666667 13.0 17.0
84.31372549019608 17.0 19.0
72.15686274509804 -7.0 35.0
63.13725490196078 53.0 67.0
63.921568627450974 51.0 67.0
94.90196078431372 -2.0 23.0
85.09803921568627 11.0 36.0
93.72549019607843 -1.0 25.0
86.66666666666667 12.0 22.0
99.6078431372549 0.0 0.0
84.31372549019608 15.0 25.0
83.13725490196079 13.0 39.0
99.6078431372549 0.0 0.0
83.92156862745098 11.0 41.0
99.2156862745098 -3.0 8.0
78.82352941176471 18.0 52.0
84.70588235294117 8.0 46.0
71.37254901960785 33.0 61.0
67.45098039215686 42.0 63.0
71.37254901960785 33.0 61.0
67.45098039215686 42.0 63.0
64.31372549019608 50.0 67.0
66.27450980392156 45.0 64.0
60.3921568627451 60.0 69.0
67.45098039215686 43.0 64.0
