81.56862745098039 18.0 31.0
89.01960784313725 5.0 32.0
86.27450980392157 8.0 36.0
83.52941176470588 18.0 21.0
78.03921568627452 26.0 26.0
83.13725490196079 19.0 21.0
90.58823529411765 4.0 26.0
89.01960784313725 5.0 32.0
90.58823529411765 2.0 28.0
90.58823529411765 7.0 17.0
89.80392156862746 7.0 17.0
89.80392156862746 3.0 32.0
81.17647058823529 14.0 49.0
83.52941176470588 17.0 23.0
83.52941176470588 17.0 23.0
86.66666666666667 -8.0 35.0
72.94117647058823 30.0 58.0
69.80392156862744 37.0 62.0
74.50980392156863 -7.0 35.0
