80.0 21.0 32.0
85.88235294117646 9.0 37.0
88.23529411764706 5.0 34.0
87.45098039215686 7.0 34.0
85.88235294117646 14.0 19.0
83.13725490196079 13.0 42.0
87.45098039215686 7.0 34.0
86.66666666666667 7.0 37.0
91.37254901960785 2.0 28.0
91.37254901960785 -9.0 32.0
85.88235294117646 9.0 34.0
87.45098039215686 7.0 32.0
84.70588235294117 12.0 34.0
85.49019607843137 9.0 37.0
88.23529411764706 5.0 34.0
83.52941176470588 12.0 39.0
87.45098039215686 7.0 34.0
91.37254901960785 1.0 30.0
87.84313725490196 5.0 35.0
87.05882352941177 5.0 43.0
88.23529411764706 4.0 40.0
80.7843137254902 21.0 26.0
89.01960784313725 -6.0 34.0
88.23529411764706 -7.0 33.0
