99.6078431372549 0.0 0.0
99.6078431372549 0.0 0.0
85.88235294117646 9.0 35.0
99.6078431372549 0.0 0.0
99.6078431372549 0.0 0.0
92.94117647058823 6.0 11.0
99.6078431372549 0.0 0.0
99.6078431372549 0.0 0.0
86.66666666666667 8.0 35.0
99.6078431372549 0.0 0.0
99.6078431372549 0.0 0.0
99.6078431372549 0.0 0.0
99.6078431372549 0.0 0.0
87.84313725490196 12.0 16.0
86.66666666666667 13.0 17.0
99.6078431372549 0.0 0.0
99.6078431372549 0.0 0.0
99.6078431372549 0.0 0.0
99.6078431372549 0.0 0.0
86.66666666666667 8.0 35.0
99.6078431372549 0.0 0.0
99.6078431372549 0.0 0.0
99.6078431372549 0.0 0.0
99.6078431372549 -2.0 6.0
99.6078431372549 -2.0 6.0
85.09803921568627 14.0 21.0
85.88235294117646 14.0 21.0
99.6078431372549 0.0 0.0
