6.2745098039215685 0.0 0.0
6.2745098039215685 0.0 0.0
6.2745098039215685 0.0 0.0
6.2745098039215685 0.0 0.0
6.2745098039215685 0.0 0.0
6.2745098039215685 0.0 0.0
6.2745098039215685 0.0 0.0
6.2745098039215685 0.0 0.0
9.803921568627452 3.0 7.0
6.2745098039215685 0.0 0.0
6.2745098039215685 0.0 0.0
6.2745098039215685 0.0 0.0
6.2745098039215685 0.0 0.0
6.2745098039215685 0.0 0.0
6.2745098039215685 0.0 0.0
9.411764705882353 -2.0 -8.0
9.019607843137255 -2.0 -6.0
7.8431372549019605 0.0 -9.0
9.019607843137255 -2.0 -6.0
