99.2156862745098 0.0 0.0
52.94117647058824 16.0 -63.0
99.6078431372549 0.0 0.0
60.0 -4.0 -46.0
59.6078431372549 -4.0 -45.0
99.6078431372549 0.0 0.0
60.3921568627451 -4.0 -46.0
59.21568627450981 17.0 -63.0
60.78431372549019 11.0 -60.0
52.54901960784314 14.0 -61.0
54.11764705882353 23.0 -68.0
53.333333333333336 19.0 -65.0
54.11764705882353 16.0 -62.0
84.31372549019608 -18.0 -24.0
72.15686274509804 -10.0 -40.0
66.27450980392156 -12.0 -40.0
57.647058823529406 -7.0 -43.0
59.21568627450981 -8.0 -41.0
74.50980392156863 -3.0 -38.0
68.23529411764706 1.0 -48.0
59.21568627450981 14.0 -62.0
58.43137254901961 13.0 -61.0
