87.84313725490196 -25.0 -18.0
72.15686274509804 -9.0 -43.0
59.21568627450981 0.0 -50.0
88.23529411764706 -19.0 -18.0
99.6078431372549 0.0 0.0
85.88235294117646 -24.0 -21.0
70.98039215686275 -7.0 -45.0
60.3921568627451 -4.0 -46.0
70.98039215686275 -8.0 -45.0
70.98039215686275 -7.0 -45.0
58.43137254901961 13.0 -61.0
99.6078431372549 0.0 0.0
73.33333333333333 -7.0 -41.0
99.6078431372549 0.0 0.0
78.43137254901961 -13.0 -33.0
78.43137254901961 -11.0 -33.0
63.52941176470588 9.0 -56.0
99.6078431372549 0.0 0.0
54.90196078431373 15.0 -63.0
