56.470588235294116 16.0 -64.0
56.470588235294116 16.0 -64.0
83.13725490196079 -17.0 -25.0
71.37254901960785 -4.0 -43.0
83.52941176470588 -15.0 -25.0
82.74509803921568 -22.0 -26.0
73.33333333333333 -13.0 -40.0
66.27450980392156 -5.0 -48.0
90.58823529411765 -19.0 -14.0
88.62745098039215 -18.0 -17.0
99.2156862745098 0.0 0.0
65.49019607843137 -10.0 -43.0
72.94117647058823 -12.0 -41.0
99.6078431372549 0.0 0.0
67.84313725490196 2.0 -49.0
73.33333333333333 -5.0 -41.0
99.6078431372549 0.0 0.0
65.09803921568627 6.0 -54.0
99.6078431372549 0.0 0.0
57.25490196078431 21.0 -66.0
57.647058823529406 18.0 -66.0
