67.05882352941175 -2.0 -51.0
82.35294117647058 -18.0 -27.0
82.35294117647058 -14.0 -27.0
81.56862745098039 -14.0 -28.0
83.52941176470588 -23.0 -25.0
70.98039215686275 -8.0 -45.0
67.05882352941175 -4.0 -49.0
65.09803921568627 -6.0 -46.0
67.05882352941175 -4.0 -49.0
65.09803921568627 -6.0 -47.0
63.13725490196078 10.0 -57.0
63.921568627450974 7.0 -56.0
86.66666666666667 -19.0 -20.0
84.31372549019608 -18.0 -24.0
84.31372549019608 -17.0 -24.0
80.0 -17.0 -30.0
72.54901960784314 -13.0 -42.0
80.0 -8.0 -30.0
72.94117647058823 -4.0 -41.0
75.68627450980392 -7.0 33.0
