85.09803921568627 -24.0 -23.0
73.33333333333333 -11.0 -40.0
65.09803921568627 -4.0 -49.0
72.54901960784314 -5.0 -42.0
76.47058823529412 -6.0 -35.0
74.50980392156863 -5.0 -39.0
76.47058823529412 -12.0 -36.0
73.33333333333333 -6.0 -41.0
84.31372549019608 -18.0 -24.0
74.50980392156863 -7.0 -39.0
85.09803921568627 -18.0 -22.0
75.68627450980392 -9.0 -37.0
85.09803921568627 -16.0 -22.0
72.15686274509804 -4.0 -42.0
81.96078431372548 -17.0 -28.0
75.29411764705883 -13.0 -38.0
76.86274509803923 -8.0 -35.0
80.3921568627451 -9.0 34.0
