99.6078431372549 0.0 0.0
99.6078431372549 0.0 0.0
85.09803921568627 -25.0 -22.0
99.6078431372549 0.0 0.0
99.6078431372549 0.0 0.0
85.49019607843137 -21.0 -21.0
85.88235294117646 -18.0 -21.0
99.6078431372549 0.0 0.0
99.6078431372549 0.0 0.0
99.6078431372549 0.0 0.0
99.6078431372549 0.0 0.0
99.6078431372549 0.0 0.0
99.6078431372549 0.0 0.0
99.6078431372549 0.0 0.0
99.6078431372549 0.0 0.0
99.6078431372549 0.0 0.0
87.45098039215686 -22.0 -19.0
99.6078431372549 0.0 0.0
99.6078431372549 0.0 0.0
84.70588235294117 -20.0 -23.0
85.88235294117646 -19.0 -21.0
99.6078431372549 0.0 0.0
99.6078431372549 0.0 0.0
99.6078431372549 0.0 0.0
99.6078431372549 0.0 0.0
99.6078431372549 0.0 0.0
99.6078431372549 0.0 0.0
99.6078431372549 0.0 0.0
99.6078431372549 0.0 0.0
99.6078431372549 0.0 0.0
99.6078431372549 0.0 0.0
99.6078431372549 0.0 0.0
