74.11764705882354 -56.0 17.0
65.09803921568627 -53.0 21.0
72.54901960784314 -55.0 16.0
65.09803921568627 -53.0 21.0
89.41176470588236 -62.0 18.0
89.41176470588236 -58.0 6.0
90.58823529411765 -55.0 10.0
82.74509803921568 -70.0 38.0
89.41176470588236 -66.0 24.0
74.11764705882354 -54.0 13.0
67.05882352941175 -51.0 14.0
73.33333333333333 -54.0 13.0
90.19607843137256 -57.0 5.0
89.80392156862746 -58.0 6.0
89.80392156862746 -60.0 8.0
89.01960784313725 -65.0 23.0
83.92156862745098 -73.0 45.0
99.6078431372549 0.0 0.0
81.56862745098039 -73.0 48.0
99.6078431372549 0.0 0.0
80.3921568627451 -72.0 49.0
99.6078431372549 0.0 0.0
