73.72549019607844 -58.0 20.0
70.98039215686275 -57.0 21.0
89.41176470588236 -64.0 19.0
85.09803921568627 -70.0 34.0
88.62745098039215 -61.0 11.0
80.7843137254902 -61.0 19.0
90.19607843137256 -58.0 11.0
81.17647058823529 -70.0 41.0
88.62745098039215 -70.0 30.0
89.41176470588236 -60.0 10.0
77.64705882352942 -58.0 16.0
89.41176470588236 -62.0 11.0
77.64705882352942 -59.0 19.0
78.43137254901961 -60.0 18.0
90.19607843137256 -57.0 4.0
89.80392156862746 -59.0 7.0
89.80392156862746 -61.0 17.0
89.01960784313725 -66.0 22.0
81.17647058823529 -73.0 48.0
78.82352941176471 -72.0 49.0
79.6078431372549 -72.0 49.0
83.13725490196079 -60.0 15.0
74.90196078431373 -57.0 17.0
75.68627450980392 -9.0 35.0
