74.11764705882354 -57.0 19.0
88.62745098039215 -71.0 33.0
84.31372549019608 -70.0 37.0
87.05882352941177 -62.0 15.0
89.01960784313725 -68.0 27.0
87.45098039215686 -72.0 38.0
87.84313725490196 -74.0 40.0
88.23529411764706 -71.0 32.0
90.19607843137256 -9.0 30.0
87.45098039215686 -61.0 13.0
87.05882352941177 -62.0 15.0
89.01960784313725 -62.0 13.0
89.01960784313725 -68.0 29.0
83.92156862745098 -71.0 39.0
89.01960784313725 -66.0 23.0
86.27450980392157 -72.0 38.0
87.84313725490196 -76.0 45.0
87.84313725490196 -75.0 43.0
82.35294117647058 -74.0 48.0
88.23529411764706 -76.0 45.0
88.23529411764706 -75.0 43.0
82.74509803921568 -74.0 48.0
89.01960784313725 -9.0 31.0
87.84313725490196 -9.0 33.0
