99.6078431372549 0.0 0.0
99.6078431372549 0.0 0.0
99.6078431372549 0.0 0.0
99.6078431372549 0.0 0.0
99.6078431372549 0.0 0.0
99.6078431372549 0.0 0.0
86.66666666666667 -72.0 37.0
99.6078431372549 0.0 0.0
99.6078431372549 0.0 0.0
85.88235294117646 -72.0 38.0
99.6078431372549 0.0 0.0
99.6078431372549 0.0 0.0
99.6078431372549 0.0 0.0
99.6078431372549 0.0 0.0
99.6078431372549 0.0 0.0
99.6078431372549 0.0 0.0
99.6078431372549 0.0 0.0
99.6078431372549 0.0 0.0
99.6078431372549 0.0 0.0
99.6078431372549 0.0 0.0
99.6078431372549 0.0 0.0
99.6078431372549 -1.0 1.0
86.66666666666667 -76.0 47.0
99.6078431372549 0.0 0.0
99.6078431372549 -1.0 1.0
88.23529411764706 -77.0 46.0
99.6078431372549 0.0 0.0
99.6078431372549 0.0 0.0
