89.01960784313725 -66.0 23.0
88.62745098039215 -61.0 11.0
89.41176470588236 -62.0 13.0
89.80392156862746 -61.0 17.0
88.23529411764706 -71.0 34.0
89.01960784313725 -68.0 28.0
89.41176470588236 -61.0 12.0
89.80392156862746 -60.0 9.0
88.62745098039215 -62.0 13.0
89.80392156862746 -61.0 10.0
89.80392156862746 -60.0 8.0
89.80392156862746 -61.0 10.0
89.41176470588236 -62.0 11.0
89.41176470588236 -63.0 13.0
89.01960784313725 -66.0 23.0
89.01960784313725 -68.0 29.0
88.62745098039215 -68.0 27.0
88.62745098039215 -70.0 30.0
88.23529411764706 -75.0 43.0
87.05882352941177 -75.0 46.0
87.45098039215686 -75.0 45.0
88.23529411764706 -75.0 41.0
88.23529411764706 -77.0 46.0
88.23529411764706 -76.0 45.0
